00000000000000000000000000000000000000000000000000000000000000000000000000000000
00000000000000000000000000000000000000000000000000000000000000000000000000000000
00000000000000010000000000000000000000000000000000000000000000000000000000000000
00000000000000010000000000000000000000000000000000000000000000000000000000000000
00000000000000101000000000000000000000000000000000000000000000000000000000000000
00000000000000010000000000000000000000000000000000000000000000000000000000000000
00000000000000010000000000000000000000000000000100000000000000000000000000000000
00000000000000000000000000000000000000000000000100000000000000000000000000000000
00000000000000000000000001100000000000000000000100000000000000000000000000000000
00000000000000000000000001100000000000000000000000000000000000000000000000000000
01100000000000000000000000000000000000000001110001110000000000000000000000000000
01100000000000000000000000000000000000000000000000000000000000000000000000000000
00000000000000000000000000000000000000000000000100000000000000000000000000000000
00000000000000000000000000000000000000000000000100000000000000000000000000000000
00000000000000011000110000000000000000000000000100000000000000000000000000000000
00000000000000100101001000000000000000000000000000000000000000000000000000000000
00000000000000101101101000000000000000000000000000000000000000000000000000000000
00000000000001100101001100000000000000000000000000000000000000000000000000000000
00000000000000011000110000000000000000000000000000000000000000000000000000000000
00000000000001100101001100000000000000000000000000000000000000000000000000000000
00000000000000101101101000000000000000000000000000000000000000000000000000000000
00000000000000100101001000000000000000000000000000000000000000000000000000000000
00000000000000011000110000000000000000000000000000000000000000000001100000000000
00000000000000000000000000000000000000000000000000000000000000000001100000000000
00000000000000000000000000000000000000000000000000000000000000000000000000000000