00000000000000000000000000000000000000000000000000000000000000000000000000000000
00000000000000000000000000000000000000000000000000000000000000000000000000000000
00000000000000000000000000000000000000000000000000000000000000000000000000000000
00000000000000000000000000000000000000000000000000000000000000000000000000000000
00000000000000000000000000000000000000000000000000000000000000000000000000000000
00000000000000000000000000000000000000000000000000000000000001000000000000000000
00000000000000111000000000011100000000000000000000000000000001000000000000000000
00000000011101000000011000000010111000000000000000000000000001000000000000000000
00000000000001000100100100100010000000000000000000000000011100011100000000000000
00000000000001000001000010000010000000000000000000000000000000000000000000000000
00000000000000000001100110000000000000000000000000000000000001000000000000000000
00000000000000001000100100010000000000000000000000000000000001000000000000000000
00000000000000001010000001010000000000000000000000000000000001000000000000000000
00000000000000000111111111100000000000000000000000000000000000000000000000000000
00000000000000000001000010000000000000000000000001100000000000000000000000000000
00000000000000000100000000100000000000000000000010100000000000000000000000000000
00000000000000001000000000010000000000000000000100000000000000000000000000000000
00000000000000000100000000100000000000000000001000000000000000000000000000000000
00000000000000000000000000000000000000000000010000000000000000000000000000000000
00000000000000000000000000000000000000000000100000000000000000000000000000000000
00000000000000000000000000000000000000000001000000000000000000000000000000000000
00000000000000000000000000000000000000001110000000000000000000000000000000000000
00000000000000000000000000000000000000000010000000000000000000000000000000000000
00000000000000000000000000000000000000000010000000000000000000000000000000000000
00000000000000000000000000000000000000000000000000000000000000000000000000000000