00000000000000000000000000000000000000000000000000000000000000000000000000000000
00000000000000000000000000000000000000000000000000000000000000000000000000000000
00000000000000000000000000000000011000000000000000000000000000000000000000000000
00000000000000000000000000000000011000000000000000000000000000000000000000000000
00000000000000000000000000000010100100000000000000000000000000000000000000000000
00000000000000000000000000011010100100000000000000000000000000000000000000000000
00000000000000000000000001100000000100000000000000000000000000000000000000000000
00000000000000000000000001100000000100000000000000000000000000000000000000000000
00000000000000000000000000100000001000000000000000000000000000001000000000000000
00000000000000000000000000010111111000000000000000000000000000010000000000000000
00000000000000000000000000001000000000000000000000000000000000011100000000000000
00000000000000000000000011100000000000000000000000000000000000000000000000000000
00000000000000000000000010000000000000000000000000000000000000001100000000000000
00000000000000000000001100000000000000000000000000000000000000010100000000000000
00000000000000001100001000000000000000000000000000000000000000000100000000000000
00000000000000001110001000000000000000000000000000000000000000000100000000000000
00000000000000100001000000000000000000000000000000000000000000000000000000000000
00000000000000100010000000000000000000000000000000000000000000000000000000000000
00000000000000000010000000000000000000000000000000000000000000000000000000000000
00000000000001101010000000000000000000000000000000000000000000000000000000000000
00000000000110000010000000000000000000000000000000000000000000000000000000000000
00000000000110000110000000000000000000000000000000000000000000000000000000000000
00000000000001111000000000000000000000000000000000000000000000000000000000000000
00000000000000000000000000000000000000000000000000000000000000000000000000000000
00000000000000000000000000000000000000000000000000000000000000000000000000000000